TPR: 0.7168878343878344
TNR: 0.8947083800725514
FPR: 0.10529161992744844
FNR: 0.2831121656121657
accuracy: 0.8524427494761746
precision: 0.7164711677211677
f1-score: 0.789617