TPR: 0.725353273156582
TNR: 0.5681223943540117
FPR: 0.2746467268434181
FNR: 0.30687760564598787