TPR: 0.7168878343878344
TNR: 0.8947083800725514
FPR: 0.10529161992744844
FNR: 0.2831121656121657