Expansion[0.9069]  Contingency[0.0765]  Comparison[0.0079]  Temporal[0.0087]  Expansion
Expansion[0.0018]  Contingency[0.9932]  Comparison[0.0014]  Temporal[0.0035]  Contingency
Expansion[0.0008]  Contingency[0.0054]  Comparison[0.9799]  Temporal[0.0138]  Comparison
Expansion[0.0003]  Contingency[0.2550]  Comparison[0.0160]  Temporal[0.7287]  Temporal
Expansion[0.0258]  Contingency[0.0012]  Comparison[0.9718]  Temporal[0.0012]  Comparison
Expansion[0.9069]  Contingency[0.0765]  Comparison[0.0079]  Temporal[0.0087]  Expansion
Expansion[0.0003]  Contingency[0.1450]  Comparison[0.0010]  Temporal[0.8537]  Temporal
Expansion[0.0596]  Contingency[0.0080]  Comparison[0.9244]  Temporal[0.0080]  Comparison
Expansion[0.0152]  Contingency[0.9756]  Comparison[0.0050]  Temporal[0.0042]  Contingency
Expansion[0.0008]  Contingency[0.0054]  Comparison[0.9799]  Temporal[0.0138]  Comparison
Expansion[0.9857]  Contingency[0.0012]  Comparison[0.0104]  Temporal[0.0026]  Expansion
Expansion[0.0303]  Contingency[0.0009]  Comparison[0.9679]  Temporal[0.0009]  Comparison
Expansion[0.0172]  Contingency[0.9724]  Comparison[0.0057]  Temporal[0.0047]  Contingency
